0.000000	0.000000
0.010707	-0.000004
0.021414	-0.000004
0.032121	-0.000004
0.042828	-0.000004
0.053535	-0.000004
0.064242	-0.000004
0.074949	-0.000003
0.085657	-0.000001
0.096364	0.000003
0.107071	0.000011
0.117778	0.000026
0.128485	0.000050
0.139192	0.000089
0.149899	0.000148
0.160606	0.000235
0.171313	0.000359
0.182020	0.000529
0.192727	0.000760
0.203434	0.001062
0.214141	0.001452
0.224848	0.001945
0.235556	0.002558
0.246263	0.003309
0.256970	0.004215
0.267677	0.005295
0.278384	0.006568
0.289091	0.008050
0.299798	0.009758
0.310505	0.011709
0.321212	0.013918
0.331919	0.016396
0.342626	0.019156
0.353333	0.022206
0.364040	0.025555
0.374747	0.029205
0.385455	0.033161
0.396162	0.037420
0.406869	0.041982
0.417576	0.046841
0.428283	0.051989
0.438990	0.057416
0.449697	0.063110
0.460404	0.069056
0.471111	0.075238
0.481818	0.081637
0.492525	0.088232
0.503232	0.095004
0.513939	0.101927
0.524646	0.108979
0.535354	0.116133
0.546061	0.123366
0.556768	0.130649
0.567475	0.137957
0.578182	0.145264
0.588889	0.152543
0.599596	0.159767
0.610303	0.166913
0.621010	0.173953
0.631717	0.180866
0.642424	0.187627
0.653131	0.194214
0.663838	0.200607
0.674545	0.206787
0.685253	0.212733
0.695960	0.218431
0.706667	0.223865
0.717374	0.229020
0.728081	0.233885
0.738788	0.238449
0.749495	0.242702
0.760202	0.246636
0.770909	0.250247
0.781616	0.253528
0.792323	0.256476
0.803030	0.259090
0.813737	0.261370
0.824444	0.263315
0.835152	0.264927
0.845859	0.266211
0.856566	0.267170
0.867273	0.267809
0.877980	0.268135
0.888687	0.268154
0.899394	0.267875
0.910101	0.267306
0.920808	0.266456
0.931515	0.265335
0.942222	0.263953
0.952929	0.262321
0.963636	0.260451
0.974343	0.258353
0.985051	0.256039
0.995758	0.253521
1.006465	0.250811
1.017172	0.247921
1.027879	0.244862
1.038586	0.241647
1.049293	0.238287
1.060000	0.234795
1.070707	0.231181
1.081414	0.227457
1.092121	0.223634
1.102828	0.219723
1.113535	0.215734
1.124242	0.211678
1.134949	0.207565
1.145657	0.203404
1.156364	0.199205
1.167071	0.194976
1.177778	0.190725
1.188485	0.186462
1.199192	0.182193
1.209899	0.177926
1.220606	0.173667
1.231313	0.169425
1.242020	0.165203
1.252727	0.161009
1.263434	0.156848
1.274141	0.152724
1.284848	0.148642
1.295556	0.144608
1.306263	0.140623
1.316970	0.136693
1.327677	0.132820
1.338384	0.129008
1.349091	0.125258
1.359798	0.121574
1.370505	0.117958
1.381212	0.114411
1.391919	0.110934
1.402626	0.107530
1.413333	0.104199
1.424040	0.100942
1.434747	0.097760
1.445455	0.094653
1.456162	0.091622
1.466869	0.088666
1.477576	0.085785
1.488283	0.082980
1.498990	0.080250
1.509697	0.077594
1.520404	0.075013
1.531111	0.072504
1.541818	0.070068
1.552525	0.067703
1.563232	0.065408
1.573939	0.063183
1.584646	0.061027
1.595354	0.058937
1.606061	0.056914
1.616768	0.054955
1.627475	0.053059
1.638182	0.051225
1.648889	0.049452
1.659596	0.047738
1.670303	0.046081
1.681010	0.044481
1.691717	0.042936
1.702424	0.041445
1.713131	0.040005
1.723838	0.038616
1.734545	0.037276
1.745253	0.035984
1.755960	0.034738
1.766667	0.033537
1.777374	0.032380
1.788081	0.031264
1.798788	0.030190
1.809495	0.029155
1.820202	0.028159
1.830909	0.027199
1.841616	0.026275
1.852323	0.025386
1.863030	0.024529
1.873737	0.023705
1.884444	0.022912
1.895152	0.022149
1.905859	0.021415
1.916566	0.020708
1.927273	0.020029
1.937980	0.019374
1.948687	0.018745
1.959394	0.018140
1.970101	0.017557
1.980808	0.016997
1.991515	0.016457
2.002222	0.015939
2.012929	0.015439
2.023636	0.014959
2.034343	0.014496
2.045051	0.014051
2.055758	0.013623
2.066465	0.013210
2.077172	0.012813
2.087879	0.012431
2.098586	0.012063
2.109293	0.011708
2.120000	0.011366
2.130707	0.011037
2.141414	0.010720
2.152121	0.010414
2.162828	0.010119
2.173535	0.009835
2.184242	0.009561
2.194949	0.009296
2.205657	0.009041
2.216364	0.008795
2.227071	0.008557
2.237778	0.008328
2.248485	0.008106
2.259192	0.007892
2.269899	0.007685
2.280606	0.007485
2.291313	0.007291
2.302020	0.007104
2.312727	0.006923
2.323434	0.006748
2.334141	0.006578
2.344848	0.006414
2.355556	0.006255
2.366263	0.006101
2.376970	0.005952
2.387677	0.005807
2.398384	0.005667
2.409091	0.005531
2.419798	0.005398
2.430505	0.005270
2.441212	0.005146
2.451919	0.005025
2.462626	0.004908
2.473333	0.004793
2.484040	0.004683
2.494747	0.004575
2.505455	0.004470
2.516162	0.004368
2.526869	0.004269
2.537576	0.004172
2.548283	0.004078
2.558990	0.003986
2.569697	0.003897
2.580404	0.003810
2.591111	0.003725
2.601818	0.003643
2.612525	0.003562
2.623232	0.003484
2.633939	0.003407
2.644646	0.003332
2.655354	0.003259
2.666061	0.003188
2.676768	0.003118
2.687475	0.003050
2.698182	0.002984
2.708889	0.002919
2.719596	0.002856
2.730303	0.002794
2.741010	0.002734
2.751717	0.002675
2.762424	0.002617
2.773131	0.002560
2.783838	0.002505
2.794545	0.002451
2.805253	0.002398
2.815960	0.002346
2.826667	0.002296
2.837374	0.002246
2.848081	0.002198
2.858788	0.002150
2.869495	0.002104
2.880202	0.002058
2.890909	0.002014
2.901616	0.001970
2.912323	0.001928
2.923030	0.001886
2.933737	0.001845
2.944444	0.001805
2.955152	0.001766
2.965859	0.001727
2.976566	0.001690
2.987273	0.001653
2.997980	0.001617
3.008687	0.001581
3.019394	0.001547
3.030101	0.001513
3.040808	0.001480
3.051515	0.001447
3.062222	0.001415
3.072929	0.001384
3.083636	0.001353
3.094343	0.001323
3.105051	0.001294
3.115758	0.001265
3.126465	0.001237
3.137172	0.001209
3.147879	0.001182
3.158586	0.001155
3.169293	0.001129
3.180000	0.001104
3.190707	0.001079
3.201414	0.001055
3.212121	0.001031
3.222828	0.001007
3.233535	0.000984
3.244242	0.000962
3.254949	0.000940
3.265657	0.000918
3.276364	0.000897
3.287071	0.000876
3.297778	0.000856
3.308485	0.000836
3.319192	0.000817
3.329899	0.000798
3.340606	0.000779
3.351313	0.000761
3.362020	0.000743
3.372727	0.000725
3.383434	0.000708
3.394141	0.000691
3.404848	0.000675
3.415556	0.000659
3.426263	0.000643
3.436970	0.000628
3.447677	0.000613
3.458384	0.000598
3.469091	0.000584
3.479798	0.000569
3.490505	0.000556
3.501212	0.000542
3.511919	0.000529
3.522626	0.000516
3.533333	0.000503
3.544040	0.000491
3.554747	0.000479
3.565455	0.000467
3.576162	0.000456
3.586869	0.000444
3.597576	0.000433
3.608283	0.000422
3.618990	0.000412
3.629697	0.000401
3.640404	0.000391
3.651111	0.000381
3.661818	0.000372
3.672525	0.000362
3.683232	0.000353
3.693939	0.000344
3.704646	0.000335
3.715354	0.000327
3.726061	0.000318
3.736768	0.000310
3.747475	0.000302
3.758182	0.000294
3.768889	0.000287
3.779596	0.000279
3.790303	0.000272
3.801010	0.000265
3.811717	0.000258
3.822424	0.000251
3.833131	0.000244
3.843838	0.000238
3.854545	0.000231
3.865253	0.000225
3.875960	0.000219
3.886667	0.000213
3.897374	0.000208
3.908081	0.000202
3.918788	0.000197
3.929495	0.000191
3.940202	0.000186
3.950909	0.000181
3.961616	0.000176
3.972323	0.000171
3.983030	0.000167
3.993737	0.000162
4.004444	0.000157
4.015152	0.000153
4.025859	0.000149
4.036566	0.000145
4.047273	0.000141
4.057980	0.000137
4.068687	0.000133
4.079394	0.000129
4.090101	0.000125
4.100808	0.000122
4.111515	0.000118
4.122222	0.000115
4.132929	0.000112
4.143636	0.000109
4.154343	0.000105
4.165051	0.000102
4.175758	0.000099
4.186465	0.000097
4.197172	0.000094
4.207879	0.000091
4.218586	0.000088
4.229293	0.000086
4.240000	0.000083
4.250707	0.000081
4.261414	0.000078
4.272121	0.000076
4.282828	0.000074
4.293535	0.000071
4.304242	0.000069
4.314949	0.000067
4.325657	0.000065
4.336364	0.000063
4.347071	0.000061
4.357778	0.000059
4.368485	0.000058
4.379192	0.000056
4.389899	0.000054
4.400606	0.000052
4.411313	0.000051
4.422020	0.000049
4.432727	0.000048
4.443434	0.000046
4.454141	0.000045
4.464848	0.000043
4.475556	0.000042
4.486263	0.000040
4.496970	0.000039
4.507677	0.000038
4.518384	0.000037
4.529091	0.000035
4.539798	0.000034
4.550505	0.000033
4.561212	0.000032
4.571919	0.000031
4.582626	0.000030
4.593333	0.000029
4.604040	0.000028
4.614747	0.000027
4.625455	0.000026
4.636162	0.000025
4.646869	0.000024
4.657576	0.000023
4.668283	0.000023
4.678990	0.000022
4.689697	0.000021
4.700404	0.000020
4.711111	0.000019
4.721818	0.000019
4.732525	0.000018
4.743232	0.000017
4.753939	0.000017
4.764646	0.000016
4.775354	0.000015
4.786061	0.000015
4.796768	0.000014
4.807475	0.000014
4.818182	0.000013
4.828889	0.000013
4.839596	0.000012
4.850303	0.000012
4.861010	0.000011
4.871717	0.000011
4.882424	0.000010
4.893131	0.000010
4.903838	0.000009
4.914545	0.000009
4.925253	0.000008
4.935960	0.000008
4.946667	0.000008
4.957374	0.000007
4.968081	0.000007
4.978788	0.000007
4.989495	0.000006
5.000202	0.000006
5.010909	0.000006
5.021616	0.000005
5.032323	0.000005
5.043030	0.000005
5.053737	0.000005
5.064444	0.000004
5.075152	0.000004
5.085859	0.000004
5.096566	0.000003
5.107273	0.000003
5.117980	0.000003
5.128687	0.000003
5.139394	0.000003
5.150101	0.000002
5.160808	0.000002
5.171515	0.000002
5.182222	0.000002
5.192929	0.000002
5.203636	0.000001
5.214343	0.000001
5.225051	0.000001
5.235758	0.000001
5.246465	0.000001
5.257172	0.000001
5.267879	0.000000
5.278586	0.000000
5.289293	0.000000
5.300000	0.000000
5.310707	0.000000
5.321414	0.000000
5.332121	0.000000
5.342828	0.000000
